dataset1	dataset2	dataset3	dataset4	dataset5	dataset6	dataset7	dataset8	dataset9	dataset10
59	46	63	60	66	63	66	56	64	64
59	59	47	54	54	63	67	53	53	59
51	61	61	64	55	55	56	51	64	61
55	59	48	50	59	60	52	51	56	60
49	61	57	53	65	58	57	52	59	67
46	54	62	53	49	51	60	56	55	61
49	62	51	64	51	64	52	64	62	56
49	57	53	54	49	52	64	54	63	63
60	47	53	65	60	55	50	67	62	56
55	50	57	64	56	67	55	61	63	57
62	51	57	55	60	50	58	59	56	50
49	55	48	60	55	54	60	52	52	67
61	53	52	59	66	63	63	53	60	57
53	58	53	61	55	64	55	52	51	53
49	61	60	61	50	54	64	53	55	58
46	47	57	54	56	61	52	54	59	63
56	59	57	52	59	57	58	59	63	59
60	51	56	61	51	58	59	67	52	59
47	49	58	63	51	58	51	59	57	65
46	51	60	55	50	65	63	60	51	52
